Price;Age;KM;HP;MetColor;Automatic;Doors;Weight
22814.0;173;71275;183;0;1;4;2850
22740.0;48;157338;164;1;0;4;2638
21269.0;118;141482;160;1;0;4;1501
24291.0;193;53691;195;0;0;5;1934
14189.0;68;184870;70;0;0;4;1031
19976.0;196;87357;173;0;0;4;2743
20327.0;104;74434;88;0;1;4;1185
34402.0;10;99123;195;1;0;4;1064
27081.0;22;154303;188;1;0;4;2383
26303.0;37;14724;93;0;0;4;1824
19590.0;88;28314;56;0;0;4;963
20836.0;71;32479;65;0;1;4;2014
17392.0;89;30025;61;1;1;4;2703
21403.0;141;147662;180;0;1;4;2486
10066.0;59;190834;61;0;0;4;2685
25798.0;194;36838;157;1;1;2;1059
29463.0;40;23491;130;0;0;4;2178
29972.0;88;19672;169;1;0;4;1940
20149.0;175;96802;140;0;0;4;964
28580.0;89;100868;181;0;0;4;1166
24542.0;82;147906;169;0;0;4;1844
11111.0;166;198642;106;0;0;5;2057
18544.0;26;78929;57;0;0;4;2981
25918.0;78;61620;131;0;0;4;1823
19310.0;73;52993;64;0;0;4;1494
30710.0;10;112046;170;1;1;2;1541
25515.0;149;107055;188;1;0;4;1975
23795.0;116;135061;171;1;0;4;1470
14968.0;198;71439;98;0;0;4;2041
23167.0;80;20352;134;0;0;4;2727
22743.0;176;19297;117;1;0;2;1452
16574.0;193;141968;131;1;0;4;1040
24483.0;83;17003;102;0;1;4;1723
24510.0;100;78478;131;1;0;4;1004
26105.0;178;28761;175;1;0;4;1514
17931.0;30;178511;73;0;0;4;1227
20322.0;148;134492;144;1;0;4;1038
14240.0;148;108897;68;0;0;5;843
21009.0;143;86858;147;0;1;3;2598
22564.0;168;100804;160;0;1;4;1511
17416.0;33;132376;61;0;0;3;1363
21934.0;194;57280;155;0;0;4;1474
21835.0;10;110330;103;0;1;4;2272
9580.0;186;172661;95;1;0;3;2535
27256.0;128;89631;188;0;0;4;1586
30680.0;33;144544;198;0;1;4;1600
25538.0;32;40428;92;0;0;4;802
19060.0;152;67444;114;1;1;5;2400
22127.0;164;72889;168;0;0;4;1694
24247.0;115;92582;150;0;0;4;1564
15514.0;184;143806;151;0;0;2;2595
23839.0;29;33436;87;1;0;4;1694
26056.0;35;28905;117;1;1;4;2810
31429.0;129;31981;193;0;0;4;931
27411.0;129;81473;195;0;0;4;2054
26635.0;165;50463;148;0;1;4;1626
21465.0;54;71589;119;0;0;5;2850
26887.0;134;24361;145;1;0;4;1781
37192.0;39;26875;188;0;0;4;975
24508.0;18;41661;91;1;0;2;2335
22793.0;80;138751;138;0;0;4;910
26955.0;133;81723;182;1;1;4;2418
13836.0;106;167294;60;0;0;4;1054
24959.0;43;131983;147;0;1;4;2416
21077.0;187;73201;138;0;1;4;2113
33074.0;32;89977;195;1;0;4;869
32225.0;121;35857;190;0;1;4;1903
30321.0;2;44606;135;0;0;4;1293
12204.0;66;136923;55;0;0;5;2104
24299.0;170;10028;129;0;0;3;1156
27929.0;58;156249;186;1;0;4;1689
22299.0;36;127741;116;0;1;4;2269
25270.0;103;44920;122;1;1;4;1901
25766.0;120;123019;199;1;1;4;2348
32516.0;12;60082;167;0;0;4;1510
22554.0;175;27036;139;1;0;4;1937
31245.0;83;43212;171;0;1;4;931
20819.0;92;87032;111;1;0;3;1728
12578.0;129;170807;117;0;0;4;2513
19163.0;143;87570;103;0;1;4;875
33158.0;100;6384;172;0;0;2;868
20115.0;54;84403;64;0;0;4;1130
21076.0;141;70599;134;1;0;2;1670
25152.0;122;107303;187;0;0;4;2372
28046.0;171;56654;199;0;0;4;2301
24228.0;85;67729;126;0;0;4;1593
23543.0;69;57668;117;1;0;2;1347
24733.0;7;24055;78;0;0;4;1760
11320.0;197;182571;146;0;0;4;2656
26453.0;48;96980;165;0;0;4;1832
17624.0;128;41209;62;1;1;4;1747
15270.0;132;144082;77;0;0;4;882
24875.0;101;64618;153;0;0;4;2353
20982.0;181;84073;135;1;0;3;847
21172.0;79;56115;102;0;0;2;2379
21712.0;144;76299;169;1;0;4;2595
13323.0;149;155412;66;1;0;4;1100
18252.0;187;58121;133;0;0;4;2923
26098.0;24;19705;85;1;0;4;1874
16010.0;142;192520;145;0;0;4;1995
22704.0;118;30274;89;0;1;4;1519
20534.0;86;87212;109;0;0;4;1787
28958.0;49;36075;136;0;0;4;1374
24049.0;50;58251;126;0;0;4;2197
27401.0;70;75882;164;0;0;5;1141
20606.0;170;28417;114;1;0;4;1724
26540.0;164;18729;167;1;0;4;1755
12869.0;193;159908;123;0;0;4;1913
19352.0;96;61132;68;0;0;4;1258
19575.0;198;74658;156;0;0;4;2337
17452.0;95;71272;74;0;0;4;1306
26779.0;1;162944;162;0;0;2;1721
12116.0;114;107765;63;0;0;5;2249
22112.0;179;88891;151;0;1;4;1837
26709.0;37;147537;179;1;0;4;2036
21157.0;163;84285;155;0;0;4;2471
28271.0;49;111693;184;1;0;4;1112
34531.0;94;38374;188;1;0;4;1141
9984.0;132;154576;85;0;0;4;2885
19519.0;99;50302;74;1;1;4;2254
15353.0;43;126684;59;0;0;4;2035
16631.0;113;194575;161;1;0;4;2298
14717.0;150;121419;129;0;0;4;2519
27406.0;128;20835;178;0;0;4;2216
23086.0;1;143860;115;0;0;4;1039
21967.0;139;57547;148;0;0;2;1477
16762.0;115;109550;95;0;0;4;1763
24522.0;44;29404;95;1;0;4;1486
12889.0;187;163023;114;1;0;4;1544
19738.0;128;43111;84;1;1;5;1225
31248.0;24;16909;149;0;0;2;1660
23670.0;188;106723;181;1;0;4;1881
14315.0;131;104435;71;0;0;4;1815
24546.0;122;102182;154;1;0;4;1505
17567.0;99;150353;120;1;0;4;2259
16611.0;63;154459;78;0;0;4;1501
26470.0;164;65935;183;1;0;3;1165
16132.0;124;196637;142;0;0;4;2533
12079.0;196;94564;92;0;0;4;1754
29730.0;83;18704;166;0;0;2;1151
14944.0;175;186931;144;0;1;4;1736
21616.0;149;145846;189;1;1;4;2921
27779.0;51;78728;156;0;0;5;1155
16923.0;156;78064;96;0;0;4;1509
28074.0;15;133089;167;1;1;4;1481
19347.0;42;155003;98;0;1;4;1596
29157.0;59;73219;165;0;0;4;1579
18403.0;194;160991;173;0;0;4;1315
17299.0;37;85992;77;0;0;4;2755
34811.0;11;33954;164;0;0;5;846
28564.0;87;126550;194;1;0;4;1935
20558.0;44;76712;66;0;1;2;1878
29083.0;105;98299;190;1;1;4;1513
28181.0;12;175438;174;0;0;4;999
25047.0;3;10985;81;0;0;2;2846
26083.0;52;42292;103;0;1;4;1740
23477.0;81;104131;151;1;0;4;2446
30010.0;33;80577;155;0;0;4;1473
11626.0;183;192058;137;0;0;4;2922
19932.0;129;146485;142;0;0;5;1175
18878.0;39;35441;57;0;0;5;2638
21549.0;20;73740;63;0;0;4;1728
8802.0;175;196929;65;0;0;4;1011
14096.0;43;136165;60;0;0;4;2247
20373.0;116;40235;93;0;0;2;1214
14116.0;185;172618;155;0;0;4;2703
23671.0;189;70940;172;1;0;5;1999
25481.0;78;10037;114;0;0;4;1694
26996.0;31;161857;188;0;0;4;1928
14606.0;25;182103;60;0;0;4;1503
17719.0;126;86572;93;1;0;4;1943
29881.0;3;81478;143;1;0;4;1934
34276.0;4;21881;139;1;0;5;1669
19997.0;95;192890;169;0;0;4;2235
11013.0;108;159829;64;0;1;4;2853
36625.0;14;14630;187;1;0;3;1859
18845.0;113;100597;79;0;1;4;1677
24229.0;41;101087;149;0;0;4;2460
28640.0;73;112234;185;0;0;4;1416
25392.0;20;110033;138;1;0;4;2985
25280.0;96;170402;186;1;0;4;1099
22585.0;73;67838;132;1;0;4;2467
11205.0;155;161108;66;0;0;4;907
21661.0;195;101975;196;0;0;4;2294
20292.0;181;69866;136;0;1;4;2570
22921.0;68;164322;153;0;1;5;932
16794.0;62;102254;76;0;0;4;2493
33791.0;15;21080;177;0;0;4;1116
25323.0;97;135621;156;0;0;5;802
29388.0;5;63812;155;0;0;4;1893
20942.0;196;61111;166;1;0;4;2383
11044.0;140;134018;66;0;0;4;2028
23423.0;87;75272;152;0;0;4;2481
26278.0;122;8466;167;0;1;4;2927
17638.0;110;25427;66;1;0;4;2377
21179.0;76;75238;80;0;0;4;1720
19731.0;185;43406;152;1;0;4;2339
31595.0;17;45621;150;0;1;3;1983
11319.0;153;184445;100;0;0;4;1254
14739.0;158;52273;61;0;1;4;2847
26478.0;150;44078;144;0;1;4;897
17702.0;111;139059;143;1;0;5;2695
19116.0;26;157146;93;0;0;4;2142
17440.0;189;33039;106;0;0;4;1751
11721.0;122;122569;71;1;0;4;2955
6576.0;119;174641;58;1;1;5;2646
21758.0;118;134858;145;0;0;3;969
21416.0;190;147172;177;1;1;5;2134
15000.0;84;177366;57;0;1;2;1081
21017.0;162;161891;188;0;0;4;871
32247.0;105;13292;176;0;1;4;1759
13759.0;161;80997;70;0;0;4;2173
19400.0;122;133178;133;0;0;4;1566
20695.0;71;176516;158;0;0;4;2374
28328.0;32;95286;173;1;0;4;2787
19577.0;14;78330;62;1;0;5;2087
24368.0;72;156201;157;0;1;4;1170
18014.0;185;173716;168;0;0;4;1719
23692.0;153;178801;194;1;0;4;1597
22993.0;80;177880;177;0;0;4;2131
21367.0;42;92496;110;0;1;4;2520
24149.0;19;100219;143;0;0;4;2123
21811.0;41;138245;123;0;0;4;1226
26640.0;183;79890;172;0;0;2;1039
24278.0;12;142946;170;1;0;3;2837
18431.0;167;94208;148;0;0;4;2272
26691.0;112;66761;157;0;1;4;2207
29001.0;94;89416;194;0;0;4;1880
20038.0;130;138829;137;1;0;4;1967
13109.0;119;148192;58;0;0;3;1136
37276.0;45;28842;190;1;1;2;1000
15900.0;126;126532;84;1;0;5;1161
19627.0;25;188534;133;0;1;3;2484
11252.0;68;179936;66;0;0;3;2525
24889.0;4;78364;66;1;1;4;991
19562.0;36;107172;71;1;0;4;2251
14866.0;190;157179;115;0;0;4;1209
23247.0;198;141002;178;0;0;4;928
20902.0;44;185828;158;0;0;4;2971
32194.0;33;62308;184;1;0;5;1186
20446.0;12;106990;83;1;1;4;2022
24741.0;105;90371;140;0;1;3;1581
12260.0;139;156237;128;1;0;4;2612
19939.0;183;136172;191;0;0;4;1684
29121.0;166;58942;194;1;0;4;1456
24880.0;126;79573;172;0;0;2;2014
20599.0;157;142109;136;0;0;4;827
16831.0;112;59779;70;0;0;4;1702
37850.0;3;30247;186;1;1;4;1354
30151.0;28;57817;161;0;0;4;1199
15727.0;152;29813;83;1;0;4;2780
27220.0;54;53371;113;1;1;4;1318
30083.0;52;52354;133;1;0;4;1405
18518.0;175;101648;166;0;0;5;2703
18581.0;149;61062;120;0;0;4;2745
20073.0;182;27957;131;0;1;4;2412
17026.0;30;43870;66;0;0;4;2912
14589.0;68;165921;80;0;0;2;1758
27682.0;36;128886;158;0;0;4;850
19973.0;40;73727;66;0;0;4;977
22056.0;138;47661;145;0;0;4;2236
31044.0;74;45831;184;0;0;4;1818
30256.0;42;133385;199;0;0;4;1874
11633.0;152;44308;56;0;0;4;2824
11775.0;132;139490;71;0;0;4;1294
21615.0;47;79314;88;1;0;4;1974
17597.0;179;36739;88;1;1;3;1582
20486.0;109;59198;95;0;0;2;1119
25759.0;4;110550;127;1;1;4;2303
21697.0;32;177862;161;1;0;4;2677
27054.0;10;129488;138;0;0;2;1364
17959.0;139;135861;123;0;0;5;1191
22342.0;28;90125;119;1;1;4;2992
11346.0;174;119223;86;1;0;2;2562
17952.0;168;157746;134;0;0;4;1051
27748.0;62;76818;138;0;0;5;1679
22653.0;86;6337;70;0;1;4;1582
14397.0;98;172387;106;0;0;2;1807
35137.0;45;18657;195;0;1;3;1543
14729.0;35;141317;65;1;1;4;2863
23457.0;163;32342;160;0;0;4;1454
25337.0;89;8922;135;0;0;3;2730
29771.0;34;6221;125;0;0;4;1558
17928.0;134;51778;76;1;0;2;1396
23908.0;37;137996;135;1;1;4;1929
20742.0;1;192409;119;0;0;4;1364
32580.0;35;13901;184;1;0;2;2301
9715.0;198;177479;105;0;0;4;1635
23312.0;127;54502;151;0;0;5;2636
16505.0;182;156171;162;0;0;4;2042
23890.0;81;99533;137;0;0;4;1019
11832.0;191;42028;70;0;0;4;2594
21693.0;137;127426;198;0;0;4;2914
13383.0;190;112697;83;0;1;2;1549
16416.0;130;139583;126;0;0;2;2876
14756.0;113;81440;82;0;0;4;2703
21891.0;36;170778;112;1;1;5;1892
14054.0;121;181590;113;0;1;4;1860
10651.0;92;161401;68;0;1;4;2673
18117.0;169;121661;133;0;1;4;1848
20688.0;117;34419;75;0;0;4;1090
21474.0;37;132022;126;1;0;3;2834
12404.0;177;135544;99;1;1;4;2793
28288.0;26;48647;146;0;0;4;2116
25719.0;68;36649;99;1;0;5;1062
16999.0;104;111833;70;0;1;4;1306
20663.0;36;190501;142;0;1;4;2450
20871.0;115;98708;132;1;0;3;1804
30753.0;31;66046;150;0;0;5;978
31875.0;30;47798;165;0;0;4;1584
24962.0;34;196350;187;1;0;4;1259
17766.0;147;33960;83;0;0;4;960
16872.0;18;176810;104;0;0;4;2694
28420.0;85;32260;142;0;0;4;1273
25265.0;3;99617;112;0;0;4;1350
15833.0;70;163894;96;1;0;5;2419
20742.0;102;15738;72;1;0;4;1132
10017.0;141;127731;75;0;0;5;2738
20864.0;45;168380;119;0;0;2;1888
23634.0;118;127857;189;0;0;4;1974
27562.0;67;17910;134;0;0;3;1482
21819.0;112;43464;129;1;0;2;2852
20958.0;92;8404;89;0;0;4;2980
25073.0;86;66302;172;0;0;3;2226
25434.0;168;15825;182;0;0;4;2862
19949.0;40;173082;99;1;0;4;810
19922.0;151;122508;154;0;0;4;1106
17659.0;159;55951;96;1;0;5;1789
23147.0;146;171531;158;1;1;4;803
12306.0;199;112568;103;0;0;4;2418
29531.0;19;163796;182;0;1;4;1870
30026.0;93;76973;193;0;1;4;1370
28839.0;44;17404;123;0;0;4;1443
20121.0;84;47477;72;1;0;4;1464
11006.0;178;44021;58;0;0;4;2519
32478.0;42;15194;156;1;1;4;2499
24104.0;94;80955;149;1;0;5;2083
8275.0;175;179641;84;1;0;4;2334
22280.0;150;114639;157;1;1;4;1383
19489.0;90;180537;178;0;0;2;2957
20178.0;74;108709;115;0;0;4;2015
26172.0;29;124299;190;0;0;4;2960
18290.0;106;144338;128;0;0;4;2201
14239.0;187;102876;76;0;0;4;805
21793.0;129;114889;149;0;0;4;1236
32448.0;64;43775;198;0;1;4;2763
21613.0;17;74140;72;0;0;4;1702
18287.0;107;73816;65;0;1;4;1189
24694.0;165;141234;186;1;0;4;1032
15895.0;95;174458;128;1;0;4;2410
20187.0;25;119716;84;1;1;4;1447
27898.0;117;39202;187;0;1;4;2621
22502.0;192;41020;145;0;0;4;1138
19099.0;196;142520;155;0;0;4;847
33757.0;52;52042;189;1;0;4;1097
16690.0;137;31214;87;0;0;4;2365
24087.0;185;30353;136;1;1;4;1920
24054.0;92;143498;174;0;0;4;1620
31550.0;94;16636;173;1;0;4;1337
16702.0;124;134900;92;1;0;3;1459
29815.0;88;5612;174;0;0;2;2069
15844.0;161;96204;82;0;0;2;1403
20328.0;148;62961;106;0;1;4;1266
26139.0;73;47506;133;0;1;4;1761
22680.0;88;91028;141;0;0;4;1697
25385.0;14;190960;150;1;0;4;1405
11482.0;59;179305;63;0;0;5;2573
22889.0;82;32045;111;1;0;2;2818
14367.0;121;156719;84;1;0;4;1034
21811.0;117;145192;182;1;0;4;2366
21717.0;184;63746;181;0;0;4;2729
30168.0;65;79650;166;1;0;4;1191
27985.0;165;70635;199;0;1;4;966
20397.0;26;192609;114;0;1;4;892
12988.0;33;191132;62;1;0;2;2421
19623.0;171;181862;195;0;1;4;2245
28109.0;15;6608;87;0;0;4;1581
20923.0;29;190618;130;0;0;4;909
25008.0;21;35105;95;0;1;5;2504
15551.0;69;78255;55;0;0;2;2273
35013.0;23;16498;164;0;0;3;858
17642.0;123;119972;147;0;0;4;2951
25049.0;84;35360;116;0;0;4;1676
21316.0;136;147994;158;0;0;4;1897
22591.0;62;117812;123;0;0;4;1073
29099.0;142;53851;174;0;0;5;1105
34936.0;6;64693;187;0;1;4;1913
29960.0;1;114366;160;0;0;4;1049
17986.0;137;86920;91;0;0;2;915
20540.0;182;64530;135;1;0;4;1514
20221.0;140;199438;172;0;0;4;1665
17039.0;5;183019;90;1;0;4;2304
20875.0;168;179521;183;0;1;5;1638
17679.0;93;131918;104;0;0;4;1790
11778.0;174;57115;64;0;0;4;2310
24306.0;27;63530;105;1;1;4;1457
19632.0;75;7098;67;0;0;2;2092
27181.0;53;117882;179;1;0;5;2196
23922.0;178;42734;154;0;0;2;1735
21280.0;52;148990;157;0;0;5;2704
